x <- 10
x
X<-101
X

a.b<-110
a.b
a_b<-10
.a_b<-10
#.23w<-37


